465.0196
390.5173
310.92694
246.90082
196.39871
156.26909
124.149055
99.104485
79.19759
63.42875
51.092525
41.41863
34.167114
28.770596
25.189018
23.64434
25.580523
38.169746
200.36766
68.04978
4.49205
0.9880652
0.39582768
0.32836998
7.2798424
0.18298158
0.94430745
0.37599745
0.49815148
1.1519762
1.0423206
6.20266
0.285871
2.4305732
1.7780215
1.1316192
0.86168784
0.62800515
0.49651134
0.39767084
0.32445
0.2733401
0.23505409
0.16133134
0.103726454
0.0794151
0.06827511
0.033913225
0.012221701
0.0039657345
0.0014
0.0005883397
